%
% Combined Johnson-Christy and Dold-Mecke data
%
% Johnson-Christy gold parameters
% (Phys. Rev. B 6, 4370-4379 (1972))
%
% B. Dold and R. Mecke, Optik (Stuttgart) 22, 435 (1965)
% data included into Handbook of Optical Constants of Solids,
% edited by E. D. Palik (Academic, New York, 1995).
%
% [eV], [nm], Re(n), Im(n), Re(ep), Im(ep)
gold_jc = [
4.490000,   276.20,  1.430,  1.850,    -1.377600,     5.291000;
4.360000,   284.40,  1.470,  1.870,    -1.336000,     5.497800;
4.240000,   292.50,  1.490,  1.880,    -1.314300,     5.602400;
4.120000,   301.00,  1.530,  1.890,    -1.231200,     5.783400;
3.990000,   310.80,  1.530,  1.890,    -1.231200,     5.783400;
3.870000,   320.40,  1.540,  1.900,    -1.238400,     5.852000;
3.740000,   331.60,  1.480,  1.880,    -1.344000,     5.564800;
3.620000,   342.50,  1.480,  1.870,    -1.306500,     5.535200;
3.500000,   354.30,  1.500,  1.870,    -1.246900,     5.610000;
3.370000,   368.00,  1.480,  1.900,    -1.419600,     5.624000;
3.250000,   381.50,  1.460,  1.930,    -1.593300,     5.635600;
3.120000,   397.40,  1.470,  1.950,    -1.641600,     5.733000;
3.000000,   413.30,  1.460,  1.960,    -1.710000,     5.723200;
2.880000,   430.60,  1.450,  1.950,    -1.700000,     5.655000;
2.750000,   450.90,  1.380,  1.910,    -1.743700,     5.271600;
2.630000,   471.50,  1.310,  1.850,    -1.706400,     4.847000;
2.500000,   496.00,  1.040,  1.830,    -2.267300,     3.806400;
2.380000,   521.00,  0.620,  2.080,    -3.942000,     2.579200;
2.260000,   548.70,  0.430,  2.460,    -5.866700,     2.115600;
2.130000,   582.20,  0.290,  2.860,    -8.095500,     1.658800;
2.010000,   616.90,  0.210,  3.270,   -10.648800,     1.373400;
1.880000,   659.60,  0.140,  3.700,   -13.670400,     1.036000;
1.760000,   704.50,  0.130,  4.100,   -16.793100,     1.066000;
1.640000,   756.10,  0.140,  4.540,   -20.592000,     1.271200;
1.510000,   821.20,  0.160,  5.080,   -25.780800,     1.625600;
1.390000,   892.10,  0.170,  5.660,   -32.006700,     1.924400;
1.260000,   984.10,  0.220,  6.350,   -40.274100,     2.794000;
0.000992,  1250.00,  0.380,  8.000,   -63.855600,     6.080000;
0.000827,  1500.00,  0.530,  9.500,   -89.969100,    10.070000;
0.000620,  2000.00,  0.850, 12.600,  -158.037500,    21.420000;
0.000413,  3000.00,  1.640, 18.600,  -343.270400,    61.008000;
0.000310,  4000.00,  2.600, 24.600,  -598.400000,   127.920000;
0.000248,  5000.00,  3.800, 30.700,  -928.050000,   233.320000;
0.000207,  6000.00,  5.100, 36.400, -1298.950000,   371.280000;
0.000177,  7000.00,  6.800, 41.600, -1684.320000,   565.760000;
0.000155,  8000.00,  8.500, 46.400, -2080.710000,   788.800000;
0.000138,  9000.00, 10.500, 50.800, -2470.390000,  1066.800000;
0.000124, 10000.00, 12.400, 55.000, -2871.240000,  1364.000000;
];
