%     Johnson-Christy gold parameters
gold_jc = [
       1.0200,1215.6863,0.3500,8.1450;
       1.0400,1192.3077,0.3325,7.9655;
       1.0600,1169.8113,0.3170,7.7914;
       1.0800,1148.1481,0.3032,7.6229;
       1.1000,1127.2727,0.2909,7.4598;
       1.1200,1107.1429,0.2799,7.3022;
       1.1400,1087.7193,0.2700,7.1500;
       1.1600,1068.9655,0.2609,7.0032;
       1.1800,1050.8475,0.2524,6.8619;
       1.2000,1033.3333,0.2443,6.7259;
       1.2200,1016.3934,0.2363,6.5952;
       1.2400,1000.0000,0.2283,6.4700;
       1.2600, 984.1270,0.2200,6.3500;
       1.2800, 968.7500,0.2113,6.2352;
       1.3000, 953.8462,0.2024,6.1249;
       1.3200, 939.3939,0.1937,6.0184;
       1.3400, 925.3731,0.1856,5.9147;
       1.3600, 911.7647,0.1784,5.8131;
       1.3800, 898.5507,0.1724,5.7129;
       1.4000, 885.7143,0.1680,5.6132;
       1.4200, 873.2394,0.1652,5.5138;
       1.4400, 861.1111,0.1636,5.4153;
       1.4600, 849.3151,0.1626,5.3179;
       1.4800, 837.8378,0.1618,5.2223;
       1.5000, 826.6667,0.1607,5.1288;
       1.5200, 815.7895,0.1590,5.0379;
       1.5400, 805.1948,0.1566,4.9497;
       1.5600, 794.8718,0.1535,4.8639;
       1.5800, 784.8101,0.1501,4.7805;
       1.6000, 775.0000,0.1466,4.6992;
       1.6200, 765.4321,0.1431,4.6197;
       1.6400, 756.0976,0.1400,4.5420;
       1.6600, 746.9880,0.1374,4.4658;
       1.6800, 738.0952,0.1352,4.3909;
       1.7000, 729.4118,0.1335,4.3173;
       1.7200, 720.9302,0.1321,4.2448;
       1.7400, 712.6437,0.1309,4.1735;
       1.7600, 704.5455,0.1300,4.1030;
       1.7800, 696.6292,0.1292,4.0334;
       1.8000, 688.8889,0.1290,3.9646;
       1.8200, 681.3187,0.1296,3.8966;
       1.8400, 673.9130,0.1313,3.8293;
       1.8600, 666.6667,0.1347,3.7628;
       1.8800, 659.5745,0.1400,3.6970;
       1.9000, 652.6316,0.1475,3.6318;
       1.9200, 645.8333,0.1568,3.5670;
       1.9400, 639.1753,0.1675,3.5023;
       1.9600, 632.6531,0.1793,3.4374;
       1.9800, 626.2626,0.1915,3.3719;
       2.0000, 620.0000,0.2039,3.3056;
       2.0200, 613.8614,0.2160,3.2381;
       2.0400, 607.8431,0.2277,3.1696;
       2.0600, 601.9417,0.2397,3.1007;
       2.0800, 596.1538,0.2523,3.0317;
       2.1000, 590.4762,0.2661,2.9633;
       2.1200, 584.9057,0.2815,2.8961;
       2.1400, 579.4393,0.2990,2.8304;
       2.1600, 574.0741,0.3187,2.7664;
       2.1800, 568.8073,0.3399,2.7036;
       2.2000, 563.6364,0.3621,2.6415;
       2.2200, 558.5586,0.3849,2.5797;
       2.2400, 553.5714,0.4077,2.5177;
       2.2600, 548.6726,0.4300,2.4550;
       2.2800, 543.8596,0.4517,2.3914;
       2.3000, 539.1304,0.4745,2.3274;
       2.3200, 534.4828,0.5006,2.2636;
       2.3400, 529.9145,0.5321,2.2008;
       2.3600, 525.4237,0.5712,2.1397;
       2.3800, 521.0084,0.6200,2.0810;
       2.4000, 516.6667,0.6798,2.0254;
       2.4200, 512.3967,0.7482,1.9740;
       2.4400, 508.1967,0.8218,1.9279;
       2.4600, 504.0650,0.8972,1.8883;
       2.4800, 500.0000,0.9711,1.8563;
       2.5000, 496.0000,1.0400,1.8330;
       2.5200, 492.0635,1.1013,1.8191;
       2.5400, 488.1890,1.1548,1.8135;
       2.5600, 484.3750,1.2009,1.8146;
       2.5800, 480.6202,1.2399,1.8209;
       2.6000, 476.9231,1.2725,1.8308;
       2.6200, 473.2824,1.2989,1.8427;
       2.6400, 469.6970,1.3197,1.8552;
       2.6600, 466.1654,1.3356,1.8674;
       2.6800, 462.6866,1.3479,1.8791;
       2.7000, 459.2593,1.3578,1.8902;
       2.7200, 455.8824,1.3665,1.9004;
       2.7400, 452.5547,1.3752,1.9097;
       2.7600, 449.2754,1.3852,1.9180;
       2.7800, 446.0432,1.3966,1.9251;
       2.8000, 442.8571,1.4087,1.9312;
       2.8200, 439.7163,1.4208,1.9364;
       2.8400, 436.6197,1.4323,1.9409;
       2.8600, 433.5664,1.4422,1.9447;
       2.8800, 430.5556,1.4500,1.9480;
       2.9000, 427.5862,1.4551,1.9508;
       2.9200, 424.6575,1.4579,1.9532;
       2.9400, 421.7687,1.4591,1.9552;
       2.9600, 418.9189,1.4595,1.9566;
       2.9800, 416.1074,1.4595,1.9576;
       3.0000, 413.3333,1.4600,1.9580;
       3.0200, 410.5960,1.4614,1.9579;
       3.0400, 407.8947,1.4635,1.9574;
       3.0600, 405.2288,1.4658,1.9564;
       3.0800, 402.5974,1.4679,1.9552;
       3.1000, 400.0000,1.4695,1.9537;
       3.1200, 397.4359,1.4700,1.9520;
       3.1400, 394.9045,1.4693,1.9502;
       3.1600, 392.4051,1.4675,1.9481;
       3.1800, 389.9371,1.4653,1.9458;
       3.2000, 387.5000,1.4630,1.9429;
       3.2200, 385.0932,1.4611,1.9395;
       3.2400, 382.7160,1.4601,1.9354;
       3.2600, 380.3681,1.4603,1.9304;
       3.2800, 378.0488,1.4620,1.9247;
       3.3000, 375.7576,1.4648,1.9185;
       3.3200, 373.4940,1.4685,1.9118;
       3.3400, 371.2575,1.4728,1.9050;
       3.3600, 369.0476,1.4776,1.8983;
       3.3800, 366.8639,1.4824,1.8918;
       3.4000, 364.7059,1.4872,1.8857;
       3.4200, 362.5731,1.4915,1.8801;
       3.4400, 360.4651,1.4952,1.8753;
       3.4600, 358.3815,1.4980,1.8712;
       3.4800, 356.3218,1.4997,1.8681;
       3.5000, 354.2857,1.5000,1.8660;
       3.5200, 352.2727,1.4987,1.8651;
       3.5400, 350.2825,1.4962,1.8652;
       3.5600, 348.3146,1.4927,1.8660;
       3.5800, 346.3687,1.4886,1.8674;
       3.6000, 344.4444,1.4842,1.8691;
       3.6200, 342.5414,1.4800,1.8710;
       3.6400, 340.6593,1.4763,1.8728;
       3.6600, 338.7978,1.4734,1.8746;
       3.6800, 336.9565,1.4719,1.8764;
       3.7000, 335.1351,1.4722,1.8784;
       3.7200, 333.3333,1.4748,1.8806;
       3.7400, 331.5508,1.4800,1.8830;
       3.7600, 329.7872,1.4881,1.8857;
       3.7800, 328.0423,1.4982,1.8886;
       3.8000, 326.3158,1.5093,1.8914;
       3.8200, 324.6073,1.5202,1.8940;
       3.8400, 322.9167,1.5300,1.8961;
       3.8600, 321.2435,1.5375,1.8976;
       3.8800, 319.5876,1.5416,1.8982;
       3.9000, 317.9487,1.5424,1.8980;
       3.9200, 316.3265,1.5407,1.8973;
       3.9400, 314.7208,1.5376,1.8961;
       3.9600, 313.1313,1.5341,1.8948;
       3.9800, 311.5578,1.5310,1.8935;
       4.0000, 310.0000,1.5294,1.8926;
       4.0200, 308.4577,1.5294,1.8919;
       4.0400, 306.9307,1.5304,1.8915;
       4.0600, 305.4187,1.5316,1.8911;
       4.0800, 303.9216,1.5324,1.8906;
       4.1000, 302.4390,1.5321,1.8900;
       4.1200, 300.9709,1.5300,1.8890;
       4.1400, 299.5169,1.5256,1.8876;
       4.1600, 298.0769,1.5194,1.8859;
       4.1800, 296.6507,1.5121,1.8839;
       4.2000, 295.2381,1.5043,1.8819;
       4.2200, 293.8389,1.4967,1.8799;
       4.2400, 292.4528,1.4900,1.8780;
       4.2600, 291.0798,1.4847,1.8764;
       4.2800, 289.7196,1.4806,1.8749;
       4.3000, 288.3721,1.4774,1.8735;
       4.3200, 287.0370,1.4748,1.8722;
       4.3400, 285.7143,1.4724,1.8707;
       4.3600, 284.4037,1.4700,1.8690;
       4.3800, 283.1050,1.4672,1.8670;
       4.4000, 281.8182,1.4636,1.8647;
       4.4200, 280.5430,1.4590,1.8619;
       4.4400, 279.2793,1.4531,1.8585;
       4.4600, 278.0269,1.4454,1.8545;
       4.4800, 276.7857,1.4357,1.8497];
